0,485
0,484
0,483
0,482
124,3
124,2
124,1
124,0
0,481
0,480
0,479
123,3
123,2
0,478
123,1
123,0
0,477
0,476
0,475
122,3
122,2
122,1
122,0
0,474
0,473
0,472
121,3
121,2
0,471
121,1
121,0
0,470
0,469
0,468
120,3
120,2
120,1
120,0
0,467
0,466
0,465
119,3
119,2
0,464
119,1
119,0
0,463
0,462
0,461
118,3
118,2
0,460
118,1
118,0
117,3
117,2
0,459
117,1
117,0
116,3
116,2
0,458
116,1
116,0
0,457
0,456
115,3
115,2
115,1
115,0
0,455
0,454
0,453
114,3
114,2
114,1
114,0
0,452
0,407
113,3
113,2
113,1
113,0
112,3
112,2
112,1
112,0
111,3
111,2
111,1
111,0
0,313
110,3
110,2
0,9
110,1
110,0
80,4
80,5
80,2
80,3
109,35
0,305
0,302
108,13
108,12
108,11
108,10
108,9
108,8
108,7
108,6
108,5
108,4
108,3
108,2
108,1
